Gem,7,4,0,0,255
Gem,32,4,255,0,0
Gem,25,9,0,0,255
Gem,14,9,255,0,0
Gem,27,11,0,0,255
Gem,2,11,255,0,0
Lava,5,11,255,0,0
Lava,31,11,0,0,255
Lava,17,12,0,255,0
Gem,12,14,0,0,255
Gem,27,14,255,0,0
Block,6,16,2,2
Button,33,16,18,16,21,16,1,3,255,255,0
Gem,2,19,255,0,0
Gem,37,21,0,0,255
Lava,5,21,255,0,0,7
Lever,2,20,6,18,6,16,1,2,0,255,0
Lava,33,23,0,0,255,6
Lever,31,23,26,21,23,21,1,3,255,0,255
Gem,14,23,255,0,0
Gem,14,25,0,0,255
Gem,30,25,255,0,0
Gem,3,27,0,0,255
Lava,26,29,255,0,0,8
Lava,1,29,0,0,255,4
Door,2,22,255,0,0
Door,37,29,0,0,255